id,categories
OWN1,Music;Sport;General;Tech;Fashion;Game;Pop Culture
OWN2,Pop Culture;Game
OWN3,Fashion;Pop Culture;Music;Tech;General;Game;Sport
OWN4,Fashion;Pop Culture;Game;General
OWN5,General;Sport;Game
OWN6,Fashion;Tech;Sport;Music
OWN7,Game
OWN8,Music;Game;Fashion
OWN9,Pop Culture;Fashion;Music;Game;Tech;Sport
OWN10,Game;Pop Culture;Sport;General;Music;Fashion;Tech
OWN11,Pop Culture;Tech;Fashion;General;Sport;Music;Game
OWN12,Music;Fashion;Sport
OWN13,General;Tech;Game
OWN14,Sport
OWN15,Pop Culture;Fashion;Music;Tech;Sport;Game
OWN16,Pop Culture;Sport
OWN17,Game;Pop Culture;Music;General;Sport;Tech;Fashion
OWN18,Pop Culture;General;Sport
OWN19,General;Fashion;Sport;Game;Tech;Music
OWN20,Sport
OWN21,Fashion;Music;General
OWN22,Tech;General;Music;Sport;Game
OWN23,Game
OWN24,Game;Fashion;Pop Culture
OWN25,Music;Pop Culture;Fashion;General;Game;Tech;Sport
OWN26,General;Game;Pop Culture
OWN27,Game;Fashion
OWN28,Fashion;Tech;Sport;Game
OWN29,Tech;General
OWN30,Sport;Fashion;Music;Game
OWN31,General;Fashion;Music;Pop Culture;Tech
OWN32,Fashion;General;Music;Game;Sport
OWN33,Game;General
OWN34,Sport
OWN35,Game
OWN36,Pop Culture;Fashion
OWN37,General;Sport;Pop Culture;Game;Fashion;Music
OWN38,Fashion;Game;Music;Tech;Pop Culture;Sport;General
OWN39,Sport;Pop Culture;Fashion;Tech;Music;General
OWN40,General;Sport;Pop Culture;Tech;Game;Music;Fashion
OWN41,Music
OWN42,Fashion
OWN43,General
OWN44,Music;Fashion;General;Tech
OWN45,Fashion;Sport;Tech;Pop Culture;General
OWN46,Fashion
OWN47,Tech;General;Music;Pop Culture;Fashion;Game
OWN48,Fashion;Tech;Sport
OWN49,Sport;Pop Culture
OWN50,Tech;Fashion;Music
OWN51,Game;Sport;Tech;General
OWN52,Sport
OWN53,Pop Culture;Music;Game;Tech;Sport
OWN54,Pop Culture
OWN55,General;Game;Fashion;Sport
OWN56,Sport;Game
OWN57,Game
OWN58,Tech;Music
OWN59,Pop Culture;Music
OWN60,Sport;Pop Culture;Tech
OWN61,Pop Culture;Fashion
OWN62,Fashion;Music
OWN63,Pop Culture;General
OWN64,Fashion;Tech;Game;Sport;Pop Culture;General;Music
OWN65,General;Fashion;Tech;Pop Culture;Game
OWN66,Music;Sport;Pop Culture;Tech;Game;Fashion;General
OWN67,Music;Sport;Tech;General;Game;Fashion;Pop Culture
OWN68,Tech;General;Game;Sport;Pop Culture;Music;Fashion
OWN69,Pop Culture;Game;Sport;Fashion;General;Tech;Music
OWN70,Tech;Sport;Fashion
OWN71,General;Fashion;Game;Sport
OWN72,Pop Culture;Music;General;Tech;Fashion;Game;Sport
OWN73,Pop Culture;Game
OWN74,Pop Culture;Tech;General;Game;Fashion
OWN75,Pop Culture;Tech;Music;General
OWN76,Pop Culture;Music;Game;Fashion;General
OWN77,Sport;Tech;General;Game;Music;Fashion;Pop Culture
OWN78,Pop Culture;Fashion;Music;General;Game;Sport;Tech
OWN79,Music;Tech;General;Game
OWN80,Fashion;Game
OWN81,Music;Tech
OWN82,Fashion;Music;Tech;Pop Culture;Sport;General
OWN83,Sport;Pop Culture;Music
OWN84,Game;Sport;Tech;General;Fashion;Pop Culture;Music
OWN85,Music;Tech;Sport;Pop Culture;Fashion;Game;General
OWN86,Pop Culture;Game
OWN87,Sport;Pop Culture;General;Music;Fashion
OWN88,Fashion
OWN89,Sport;Tech;Pop Culture
OWN90,Music;General;Tech;Sport
OWN91,Tech;Sport;General
OWN92,Sport;General;Game;Music
OWN93,Music;Sport;Tech;Pop Culture
OWN94,Tech;General;Pop Culture;Game
OWN95,Game;Fashion;General;Pop Culture;Music;Tech
OWN96,Sport;Game;Tech;Music;General;Fashion
OWN97,Music;Tech;Pop Culture;General
OWN98,Pop Culture;Music;General;Game;Fashion;Tech;Sport
OWN99,Game;Fashion;Music;General;Sport
OWN100,Sport;Music;Game;Tech;Fashion;General;Pop Culture
OWN101,Game
OWN102,Tech;Pop Culture;Game;Sport;Music;Fashion
OWN103,Game;Music;General;Fashion;Pop Culture;Sport;Tech
OWN104,General;Music;Sport;Fashion;Game
OWN105,Sport;Pop Culture;Game;Tech;Fashion
OWN106,Pop Culture;Fashion;Music;General;Sport
OWN107,Music;Fashion;Sport;Game
OWN108,Pop Culture;Music;General;Fashion;Game;Tech;Sport
OWN109,Pop Culture;Game;Tech;Fashion;Sport;General;Music
OWN110,Music;Sport;Tech;Game
OWN111,Pop Culture;General;Sport;Game;Music;Tech
OWN112,Music;Tech;General;Sport;Game;Fashion;Pop Culture
OWN113,Pop Culture;Game;Tech;Music;Sport
OWN114,General;Fashion;Tech;Game;Pop Culture;Music
OWN115,Tech;General;Fashion;Sport;Pop Culture
OWN116,Tech;Pop Culture
OWN117,Pop Culture;Music;General;Tech
OWN118,Tech;Game;Music
OWN119,Sport;Fashion;General;Game;Music
OWN120,General;Sport;Fashion;Game;Music
OWN121,Fashion;Sport;Tech;Game;General;Pop Culture;Music
OWN122,Music;Fashion;Sport;Pop Culture;Game;General
OWN123,Sport
OWN124,General;Music;Pop Culture;Fashion;Tech;Game
OWN125,Music;Sport;Game;Fashion;Tech
OWN126,Tech;General;Sport;Pop Culture
OWN127,Pop Culture
OWN128,General
OWN129,Music;Fashion;Sport;General
OWN130,Music
OWN131,Sport
OWN132,Pop Culture
OWN133,Tech;Game;Sport;Music
OWN134,General
OWN135,Sport;General;Fashion
OWN136,Tech;General;Game;Sport;Music;Pop Culture;Fashion
OWN137,Tech;Game;Fashion;Pop Culture
OWN138,Game;Music;Pop Culture;Tech;Sport
OWN139,Tech;Music
OWN140,Sport;Fashion;Tech;Game
OWN141,Pop Culture;Game
OWN142,Fashion;Tech;Pop Culture;General;Sport
OWN143,Music;Game;Fashion;Sport;Tech;General
OWN144,General;Fashion;Pop Culture
OWN145,Music;Pop Culture
OWN146,General;Game;Fashion;Tech;Sport;Pop Culture
OWN147,Tech
OWN148,Fashion;General;Tech;Music;Sport;Game
OWN149,Game;Pop Culture;Tech;Fashion;Music;Sport
OWN150,Music;Tech
OWN151,Game;Sport;Music;General;Tech
OWN152,Tech;General;Sport;Music;Pop Culture
OWN153,Game;Tech;Sport
OWN154,Pop Culture;Sport;Music
OWN155,Sport;Music;Tech;Pop Culture;Fashion;Game;General
OWN156,Sport;Tech;General;Pop Culture
OWN157,Music
OWN158,Music;Game
OWN159,Music;Fashion;General;Pop Culture;Tech;Game
OWN160,Music
OWN161,Fashion;Sport;Pop Culture;Tech
OWN162,Tech;Sport;Music;General;Game;Pop Culture;Fashion
OWN163,Tech;Pop Culture;General;Sport;Game
OWN164,Music
OWN165,General;Game;Fashion
OWN166,Tech;Pop Culture;Game
OWN167,Sport;Pop Culture;General;Game;Music;Tech
OWN168,Game;Pop Culture;Fashion
OWN169,Sport;Game;Tech
OWN170,Fashion;General;Tech;Game
OWN171,Pop Culture;Sport
OWN172,Game;General;Sport;Music;Fashion;Tech
OWN173,Music;General;Tech;Pop Culture;Sport;Fashion
OWN174,Sport;Game;General;Fashion;Tech;Music;Pop Culture
OWN175,Music;General;Pop Culture;Sport;Game
OWN176,Sport;Fashion;Tech;Music;Game;Pop Culture;General
OWN177,General;Game;Fashion
OWN178,Pop Culture;Game
OWN179,Music;Game;Pop Culture;General;Fashion;Tech
OWN180,Sport
OWN181,Tech;Pop Culture;General;Fashion;Game;Sport;Music
OWN182,Tech;Pop Culture;Fashion;Game;Sport
OWN183,Sport;Game
OWN184,Music
OWN185,Fashion;Sport
OWN186,Music
OWN187,Sport;Fashion;Music;Game;Tech
OWN188,Game;Pop Culture;Music;Tech
OWN189,Pop Culture;Fashion;Sport;General;Music;Game;Tech
OWN190,Pop Culture;Fashion
OWN191,Pop Culture;Sport;Music;Fashion
OWN192,General;Fashion
OWN193,General;Sport;Fashion;Pop Culture;Tech;Music
OWN194,Fashion
OWN195,Game;Music;Tech;Fashion;General;Pop Culture;Sport
OWN196,Music;Game;Tech;General;Pop Culture
OWN197,Tech
OWN198,General;Fashion;Pop Culture;Sport;Music;Tech
OWN199,Music;Tech;Sport;Fashion;Pop Culture;General;Game
OWN200,Game;Fashion;Tech;General
OWN201,Tech;Music;Sport;Game;Fashion;General
OWN202,Tech;Fashion;Game;Sport;General
OWN203,Sport;Game
OWN204,General;Tech;Sport;Fashion;Game;Pop Culture
OWN205,Sport
OWN206,Fashion;Sport;Game;Pop Culture;General
OWN207,Pop Culture;Fashion;Game;Music;Tech;General;Sport
OWN208,Tech;General;Game
OWN209,Pop Culture;Tech
OWN210,Sport;Music;Tech
OWN211,Pop Culture;Fashion;General;Tech;Game;Music;Sport
OWN212,Game;Sport;Tech;Pop Culture;General
OWN213,Sport;Tech
OWN214,Tech;Pop Culture;Fashion;Game;General
OWN215,Pop Culture;Fashion;Tech
OWN216,General;Fashion;Pop Culture
OWN217,Music;General;Sport;Tech;Game
OWN218,Game;Fashion;Pop Culture;General;Tech;Sport;Music
OWN219,Pop Culture;Game;General;Music
OWN220,Tech;Pop Culture
OWN221,Sport;Fashion
OWN222,Music;Game;General;Tech;Pop Culture;Fashion
OWN223,Sport;Fashion
OWN224,Music;General
OWN225,Game;Fashion;Music
OWN226,Game
OWN227,Tech;Sport;General;Music;Game
OWN228,Game;Pop Culture;Sport;Music
OWN229,Fashion;Pop Culture;Sport;Music;General;Tech
OWN230,Fashion;Tech;Pop Culture;General
OWN231,Music
OWN232,Fashion;Sport;Pop Culture;Game;Music;Tech
OWN233,Fashion;Game;Sport;Pop Culture;General;Music;Tech
OWN234,Sport;Fashion;General;Tech;Music;Pop Culture;Game
OWN235,Tech;Fashion;Game;Music;General
OWN236,Fashion;Game;General;Pop Culture;Music
OWN237,Music
OWN238,Music;Pop Culture;Tech;Fashion;General;Sport;Game
OWN239,Tech;Sport;Music;Pop Culture
OWN240,Tech;Pop Culture;Game;General
OWN241,General;Music;Tech;Pop Culture;Game
OWN242,Pop Culture;General;Music;Fashion
OWN243,Music;Game;Tech;General;Fashion
OWN244,Tech;Fashion
OWN245,Game;Pop Culture;General;Tech;Sport
OWN246,Pop Culture;Sport;General;Game;Music
OWN247,Tech;General;Pop Culture;Fashion;Music;Game
OWN248,Tech;General;Fashion
OWN249,Music;Sport;Tech;Pop Culture;Fashion;General;Game
OWN250,Game;Fashion;Pop Culture;General
OWN251,Music;Tech;General;Pop Culture
OWN252,Game;Fashion;General
OWN253,Game
OWN254,Fashion;General
OWN255,Sport
OWN256,Sport;Game;Music;General;Tech;Fashion;Pop Culture
OWN257,Pop Culture;Tech;Fashion;General
OWN258,Sport;Game
OWN259,Tech;Music;Sport;General;Fashion
OWN260,General;Fashion
OWN261,Pop Culture;Sport;Tech
OWN262,Tech;Pop Culture
OWN263,General;Tech;Game
OWN264,Fashion;General;Pop Culture;Music;Tech;Game;Sport
OWN265,Sport
OWN266,Pop Culture;Game;General
OWN267,General;Music;Pop Culture;Sport;Fashion;Game;Tech
OWN268,General;Game;Music
OWN269,Pop Culture;Sport;Game;General;Music;Tech
OWN270,Sport;Game;General;Pop Culture
OWN271,Game;Tech
OWN272,Game
OWN273,Game;Pop Culture;Sport;Fashion
OWN274,Music
OWN275,Pop Culture;General;Sport
OWN276,Music
OWN277,Sport;Music;Tech;Game;Fashion
OWN278,Music;General;Sport;Game;Fashion
OWN279,Sport;General
OWN280,Tech;Pop Culture;Game
OWN281,Music;Game;Tech
OWN282,Game;Pop Culture;Music
OWN283,Game;Pop Culture;Tech;General
OWN284,General;Music;Tech
OWN285,General;Pop Culture
OWN286,Music;Game;Sport;Fashion
OWN287,Music;Game
OWN288,Tech;Music;Sport
OWN289,Game;General;Pop Culture;Tech;Sport
OWN290,Sport;Music;Pop Culture;Fashion
OWN291,Game;Fashion
OWN292,Music
OWN293,Sport;Music;Tech;General;Fashion;Game;Pop Culture
OWN294,Music;Game;Sport;Pop Culture;Tech;Fashion
OWN295,Fashion
OWN296,Fashion;Pop Culture;Game
OWN297,Tech;General;Sport
OWN298,Fashion;Sport;Game;Pop Culture;General
OWN299,Tech;Pop Culture;General;Music;Fashion;Game
OWN300,Pop Culture;General;Tech;Game
OWN301,Fashion;General;Music;Tech;Sport;Game;Pop Culture
OWN302,Music;Tech;Sport;Fashion;Game;Pop Culture;General
OWN303,Sport;Tech;Game;General;Pop Culture;Music;Fashion
OWN304,Tech;Pop Culture;Game;General;Music;Sport;Fashion
OWN305,Sport;Tech;General;Pop Culture
OWN306,General;Game;Fashion;Pop Culture;Tech;Sport;Music
OWN307,Tech;Music
OWN308,Music;Tech;Game;Sport
OWN309,General;Fashion;Music;Game;Sport;Pop Culture
OWN310,Game;Fashion;Sport;Music;Tech;General
OWN311,General;Sport;Fashion;Pop Culture
OWN312,Music;Sport
OWN313,Fashion;Sport;Pop Culture;Game;General;Music
OWN314,Game;Fashion
OWN315,Fashion;Sport;Game;General
OWN316,Music;Fashion
OWN317,Tech;Sport;Fashion;Music;Pop Culture;General;Game
OWN318,Game;Fashion;Pop Culture
OWN319,Tech;Sport;Pop Culture
OWN320,General;Tech;Sport;Pop Culture;Music
OWN321,Pop Culture;General;Tech;Game;Sport;Fashion;Music
OWN322,Music;Pop Culture;Sport;General;Tech;Game;Fashion
OWN323,Sport;Fashion;Tech;Game
OWN324,Sport;General;Fashion;Pop Culture;Game;Music;Tech
OWN325,Game;General;Pop Culture;Fashion;Music
OWN326,Fashion
OWN327,General;Pop Culture;Fashion;Music;Sport
OWN328,Sport;General;Tech;Music;Pop Culture;Game
OWN329,General;Pop Culture;Sport;Tech;Game
OWN330,Fashion;Game
OWN331,Music;Game
OWN332,Music;Fashion;Sport;Tech;Pop Culture
OWN333,Pop Culture;Music;Tech
OWN334,Pop Culture;Sport;Music;General
OWN335,Sport
OWN336,Pop Culture;Game;General;Tech;Sport;Fashion;Music
OWN337,Tech;Music;Pop Culture;Sport;Game
OWN338,Sport;Game;Pop Culture;Music;Tech;General;Fashion
OWN339,General;Music;Pop Culture;Sport;Game
OWN340,Music;General;Game;Pop Culture;Fashion;Sport;Tech
OWN341,Tech;Sport;Fashion;Music;General;Pop Culture
OWN342,Music;Game
OWN343,Pop Culture;Fashion
OWN344,Tech;Sport;Game;Music;Pop Culture
OWN345,Music;Tech;Fashion;General
OWN346,Tech
OWN347,Tech;Fashion;General;Sport
OWN348,Tech;Game;General;Pop Culture;Sport;Music;Fashion
OWN349,General;Sport;Game;Pop Culture;Tech;Fashion
OWN350,Pop Culture;Sport;Game;General;Music
OWN351,Sport;Fashion;General;Music;Tech;Pop Culture
OWN352,General;Sport;Tech;Pop Culture;Music
OWN353,Music;General
OWN354,Music;Game
OWN355,Pop Culture
OWN356,Game;Tech;Pop Culture;Sport;Music;Fashion;General
OWN357,Game;Tech;Pop Culture;Fashion;Music;General;Sport
OWN358,Sport;Music;Game;Tech;Pop Culture
OWN359,Pop Culture;Tech;Sport
OWN360,Music;Sport;Tech
OWN361,Sport;Game
OWN362,Sport;Music;Fashion;Pop Culture;Game
OWN363,Tech;General;Fashion;Sport;Pop Culture
OWN364,Fashion;General;Game
OWN365,Music;General;Game;Tech;Pop Culture;Sport
OWN366,Tech
OWN367,Game;Fashion;Music;Tech
OWN368,Music
OWN369,General;Fashion
OWN370,Pop Culture;Tech
OWN371,Sport;Music;Tech;General;Pop Culture;Fashion;Game
OWN372,Music;Pop Culture;Sport;Tech
OWN373,Game;General;Tech;Pop Culture;Music
OWN374,Music;Pop Culture;Sport
OWN375,Game;Pop Culture;Tech;General;Music;Sport;Fashion
OWN376,Music;Game;Sport
OWN377,Tech;Fashion
OWN378,General;Music;Game;Sport;Tech;Pop Culture
OWN379,Fashion
OWN380,General;Pop Culture;Game
OWN381,Fashion;General;Music;Game;Sport;Pop Culture
OWN382,Pop Culture;Tech;Fashion;Game
OWN383,Tech;Pop Culture;Music;Fashion;General;Sport
OWN384,Tech;General;Sport;Game;Fashion;Pop Culture;Music
OWN385,Tech
OWN386,Fashion;Pop Culture;Music
OWN387,Pop Culture;Music;General;Fashion
OWN388,Pop Culture
OWN389,Sport;Fashion;Game
OWN390,General;Music;Pop Culture;Tech;Fashion
OWN391,General;Music;Fashion;Tech
OWN392,Fashion;Tech
OWN393,General
OWN394,Game;Music;Sport;Tech;Pop Culture
OWN395,Tech;Game;General;Pop Culture
OWN396,Sport
OWN397,General;Pop Culture;Music;Fashion;Game
OWN398,Tech;Fashion
OWN399,Pop Culture;Game
OWN400,Pop Culture
OWN401,Pop Culture;Game;Sport;Music;Tech;General
OWN402,Sport;Pop Culture;Fashion;Game
OWN403,Music;Tech;Pop Culture;Game
OWN404,Pop Culture;General;Music
OWN405,General
OWN406,Pop Culture;General;Sport;Fashion;Tech;Music
OWN407,General;Pop Culture;Tech;Fashion;Game
OWN408,General;Game;Tech;Sport;Pop Culture
OWN409,Pop Culture;Sport;General
OWN410,Tech
OWN411,Game;Fashion
OWN412,Fashion;Sport;Music
OWN413,Music;Pop Culture;Tech;Fashion;Game
OWN414,General;Pop Culture;Sport;Game;Music;Fashion;Tech
OWN415,Game
OWN416,Sport
OWN417,Tech;Music;Fashion;Pop Culture;General
OWN418,Game;Pop Culture;Tech;Sport;Fashion
OWN419,Music;Sport;Tech
OWN420,Pop Culture;Tech;Fashion;General;Sport
OWN421,Tech
OWN422,Tech;Fashion
OWN423,Tech;General;Fashion;Game
OWN424,Pop Culture;General;Fashion
OWN425,Pop Culture;Tech;Fashion;Sport
OWN426,Music;Sport
OWN427,Music;Game;Tech;Pop Culture;Sport;Fashion
OWN428,General;Pop Culture;Music;Tech;Game;Sport
OWN429,Fashion;Pop Culture;General;Music;Game;Sport
OWN430,Game;General;Music;Sport;Pop Culture;Fashion
OWN431,Music;Game;Fashion;Pop Culture
OWN432,Music;Game
OWN433,Sport;Game;Fashion;Pop Culture;Music
OWN434,General
OWN435,Sport;Music;Pop Culture
OWN436,Game;Fashion;Tech;General;Sport;Music;Pop Culture
OWN437,Music
OWN438,Fashion;Music;Tech
OWN439,Sport;Game
OWN440,Music;Pop Culture;Tech;Game;Sport
OWN441,Game;Fashion;Music;Pop Culture;General
OWN442,Sport;Pop Culture;General;Fashion;Music
OWN443,Fashion;Tech;Pop Culture
OWN444,Music;Tech;Sport;Game;General
OWN445,Game;Sport;Pop Culture;Tech;Fashion
OWN446,Pop Culture
OWN447,Fashion;General;Pop Culture;Sport;Tech
OWN448,Tech;Music;Fashion;General;Game;Pop Culture;Sport
OWN449,Music;Fashion;Tech;Game;Sport
OWN450,Sport;Tech;Game;Fashion;Pop Culture
OWN451,Tech;Fashion
OWN452,Fashion;Tech
OWN453,Sport;Tech;General;Game;Music;Fashion
OWN454,Tech;Music;Fashion;Game;Pop Culture;Sport
OWN455,Pop Culture;Music;Game;Sport
OWN456,Fashion;Music;Tech;Sport;Pop Culture;Game;General
OWN457,Tech;Music;General;Fashion
OWN458,Music;General;Game;Sport;Tech
OWN459,Pop Culture
OWN460,Sport;Tech;Fashion;Pop Culture
OWN461,Pop Culture;General;Sport;Game;Music;Fashion
OWN462,Fashion;Game;Sport;Pop Culture;Tech;Music;General
OWN463,Sport;Fashion;Music;Game;Pop Culture
OWN464,Tech;Pop Culture;Fashion;Game;General;Sport
OWN465,General;Fashion;Tech;Sport
OWN466,Fashion;Game;Music;General
OWN467,Pop Culture;Sport;Music;Fashion;Game;General
OWN468,Sport;General;Game;Music
OWN469,Pop Culture;Fashion;Music;Sport;General;Game;Tech
OWN470,Tech;Game;Pop Culture
OWN471,Music;Pop Culture;General;Fashion;Game;Sport
OWN472,Music;Pop Culture
OWN473,Music
OWN474,Sport
OWN475,Fashion;Music;Pop Culture;Sport
OWN476,Fashion;Game
OWN477,Pop Culture;General;Game;Music;Tech
OWN478,General;Tech;Game;Sport;Fashion;Pop Culture
OWN479,Pop Culture;Sport;Tech;Music;Fashion;General
OWN480,Pop Culture;Sport;Game;Tech;General
OWN481,Music;Sport;Fashion;Pop Culture;General
OWN482,Sport;Pop Culture;Game;Fashion;General;Music
OWN483,Pop Culture;General;Sport;Music;Game
OWN484,Sport;Pop Culture;Game;Tech;General;Music
OWN485,Game;Music;Tech;Sport;Fashion
OWN486,General;Fashion;Sport;Pop Culture
OWN487,Game;Music;Fashion;Sport;Pop Culture;General
OWN488,Pop Culture;Music;Fashion;Sport
OWN489,Game;Music;General;Fashion;Pop Culture
OWN490,Game;Pop Culture;Tech;Fashion
OWN491,Game;General;Sport;Music;Pop Culture;Fashion;Tech
OWN492,Sport
OWN493,Pop Culture;Sport;Music;Fashion;General
OWN494,Sport
OWN495,Fashion;Music
OWN496,Music;Game;Fashion;Tech;Pop Culture;General
OWN497,Fashion;General;Music;Tech
OWN498,Tech
OWN499,Pop Culture;Tech
OWN500,Sport;General;Fashion
OWN501,Sport;Tech;General
OWN502,Music;Tech;Game;Fashion
OWN503,Pop Culture;Fashion;General;Game;Sport;Tech
OWN504,Pop Culture;Fashion;General
OWN505,Tech;Sport
OWN506,Pop Culture;Music;Fashion;Sport;Game
OWN507,Pop Culture;Music
OWN508,Game;Tech;General
OWN509,General;Game;Music;Sport;Tech
OWN510,Fashion;Pop Culture;Music;Tech
OWN511,Sport;Fashion
OWN512,Pop Culture;Game;Music;Sport;Tech
OWN513,Music
OWN514,Tech;Game;General;Sport
OWN515,Sport;Game
OWN516,General;Pop Culture
OWN517,Sport;Pop Culture;Fashion
OWN518,Sport;Pop Culture
OWN519,Game;General;Pop Culture;Fashion
OWN520,Sport;Game;Music;Pop Culture;Fashion;General
OWN521,Sport
OWN522,Tech
OWN523,Fashion;Sport;Game;General
OWN524,Music;Pop Culture;Tech;Game;Sport;Fashion
OWN525,Pop Culture;Music;Tech
OWN526,Pop Culture;Game;Fashion;Music;General;Sport
OWN527,Music;Fashion;Game;Pop Culture;General;Sport;Tech
OWN528,Fashion;Sport
OWN529,Sport;Game;General
OWN530,Tech;General;Pop Culture;Sport;Fashion;Music;Game
OWN531,Tech;Sport;Music;Pop Culture;General;Game;Fashion
OWN532,Game;Pop Culture
OWN533,General;Game;Sport;Fashion;Tech;Pop Culture
OWN534,General;Pop Culture;Tech;Game;Fashion
OWN535,General;Music
OWN536,General;Fashion
OWN537,Fashion;Sport;Game;General;Pop Culture;Tech
OWN538,Music;Tech
OWN539,Music;Sport;Fashion;Tech;Game;General;Pop Culture
OWN540,General;Tech;Game;Music;Pop Culture;Sport;Fashion
OWN541,General
OWN542,Tech;Pop Culture;Sport;Game
OWN543,Game;General
OWN544,Sport;Tech;Fashion;General;Pop Culture;Music;Game
OWN545,Sport;General;Pop Culture;Tech;Game;Fashion
OWN546,Pop Culture;Tech;General;Fashion
OWN547,Fashion;Pop Culture;Game
OWN548,Fashion;Game;Music;Sport
OWN549,Tech;General
OWN550,Music;Pop Culture;Tech;Sport;Fashion;General;Game
OWN551,Game;Sport;Pop Culture;General;Tech;Fashion;Music
OWN552,Sport;Fashion
OWN553,Pop Culture;Sport;Music;Tech;Game;General;Fashion
OWN554,Game;General
OWN555,Pop Culture;Music;Tech;Fashion;Game;General;Sport
OWN556,Music;Pop Culture;Fashion
OWN557,Tech;Sport;Music;General;Game
OWN558,Music;Game;Fashion
OWN559,Tech;General
OWN560,Fashion;Pop Culture;Game;Sport;General;Music;Tech
OWN561,Sport;Tech;General;Music;Game;Pop Culture;Fashion
OWN562,Sport;Tech;Game;Fashion;General;Music;Pop Culture
OWN563,Fashion;Pop Culture;Game
OWN564,Music;Sport;Game;Pop Culture;Fashion;Tech;General
OWN565,Fashion;Music;Sport;General;Pop Culture;Game
OWN566,Tech;General;Fashion;Game;Pop Culture
OWN567,Game;General;Music;Sport
OWN568,Pop Culture
OWN569,Pop Culture
OWN570,Fashion;Tech;Sport;Pop Culture;Game;General;Music
OWN571,Tech;Pop Culture;Fashion;General;Game
OWN572,Fashion;Tech;Music;Pop Culture;General
OWN573,Fashion;Pop Culture;General;Tech;Game;Music
OWN574,Pop Culture;Music
OWN575,Tech
OWN576,Game;Pop Culture;Fashion;Sport;Tech
OWN577,Sport;Fashion;Pop Culture
OWN578,Fashion;Sport;Game;Music
OWN579,General;Music;Pop Culture;Sport;Fashion;Tech;Game
OWN580,General;Tech;Pop Culture
OWN581,Game;General;Fashion;Music
OWN582,Sport;General;Tech;Game;Music
OWN583,Sport;Game;Music
OWN584,Music;Pop Culture;Sport;Game;General;Fashion;Tech
OWN585,Sport
OWN586,Tech;Music;Fashion
OWN587,Tech;General;Game;Pop Culture;Music
OWN588,Fashion;Pop Culture;General;Music;Tech;Sport;Game
OWN589,Music;Sport;General;Pop Culture
OWN590,Pop Culture;Game;Tech;Sport;General;Fashion;Music
OWN591,Sport;Music;General;Fashion;Tech;Game
OWN592,Pop Culture;Game;Tech;Sport;Fashion;General
OWN593,Game;General
OWN594,Sport;Tech;Pop Culture;Game;Music
OWN595,Pop Culture;Game;General;Music
OWN596,General
OWN597,Pop Culture;Music;Sport;Tech;Game;Fashion;General
OWN598,General
OWN599,Game;Pop Culture;General;Fashion;Music;Sport;Tech
OWN600,General;Game;Sport;Pop Culture
OWN601,Tech;General;Game;Pop Culture;Fashion;Sport
OWN602,General;Tech;Fashion;Game;Music
OWN603,Game;Pop Culture
OWN604,Sport;Music;Fashion;Game;Tech;General
OWN605,Game;General;Tech;Sport
OWN606,Tech
OWN607,Game;Pop Culture;Music;General
OWN608,General;Game;Fashion
OWN609,Fashion;General;Game;Pop Culture;Music
OWN610,Game;Tech;General;Fashion
OWN611,Music;Tech;Pop Culture;General;Sport
OWN612,Music;Tech;General;Pop Culture;Game;Sport;Fashion
OWN613,Tech;Music
OWN614,Fashion;Pop Culture;Game;General
OWN615,Game;Sport;Music;General;Pop Culture;Tech
OWN616,Sport;General;Fashion
OWN617,Sport;Game
OWN618,Pop Culture;Music;Tech;Game;Sport;Fashion
OWN619,Music;Pop Culture;Sport
OWN620,Pop Culture;Fashion
OWN621,Tech;Pop Culture
OWN622,Sport;Tech;Pop Culture;Music;Game;Fashion
OWN623,Tech;Music;Pop Culture;Game
OWN624,Sport;Music;Game;Fashion
OWN625,General;Sport;Fashion
OWN626,Music;Game
OWN627,Fashion;Music;Tech;Sport
OWN628,Fashion;Music;General
OWN629,Pop Culture
OWN630,Game
OWN631,Tech
OWN632,Fashion;General;Music;Tech
OWN633,Sport
OWN634,Game;General;Pop Culture
OWN635,Sport;Game;Pop Culture;Tech;Music;Fashion;General
OWN636,Sport;General;Fashion
OWN637,Tech;General;Fashion;Sport
OWN638,Music
OWN639,Pop Culture;Sport;Game;Tech;Music
OWN640,Pop Culture;Tech;Sport;Music;Fashion
OWN641,General;Sport;Fashion;Game;Pop Culture
OWN642,Music;Game;Sport;Tech;General
OWN643,Pop Culture;Fashion;General
OWN644,Tech;Music
OWN645,General
OWN646,Sport;Pop Culture;Music;Fashion;Tech
OWN647,Game;Pop Culture;Sport;Fashion;General
OWN648,General;Music;Pop Culture
OWN649,Sport;General;Music;Fashion;Tech
OWN650,General;Game;Music
OWN651,Fashion;Sport
OWN652,Game;Tech;Music;Sport
OWN653,Pop Culture;Music;Game;Tech;Fashion;General;Sport
OWN654,Sport;Tech;Game;Fashion
OWN655,Fashion;Music;Pop Culture;Tech
OWN656,Fashion;Sport
OWN657,Game;General;Sport
OWN658,Pop Culture;Fashion
OWN659,General
OWN660,Sport;General;Tech;Fashion;Pop Culture;Music
OWN661,Pop Culture
OWN662,Sport;Music;General;Tech;Game;Pop Culture;Fashion
OWN663,Sport;Music;Pop Culture
OWN664,General;Tech;Sport;Fashion;Pop Culture;Game
OWN665,Fashion;Tech;Pop Culture;Music;Game;General;Sport
OWN666,Tech;General;Music;Sport;Fashion
OWN667,Pop Culture;Fashion;Tech;Game;Sport;General;Music
OWN668,Music;Sport;Fashion;General;Pop Culture
OWN669,Tech;Sport;General;Pop Culture;Game;Fashion
OWN670,Music;Game
OWN671,General
OWN672,Fashion
OWN673,Music
OWN674,Fashion;Sport
OWN675,Sport;Game;Pop Culture;Fashion
OWN676,General;Music;Tech;Game;Pop Culture;Sport;Fashion
OWN677,Music;Game;General;Sport
OWN678,Game;Tech;Pop Culture;Fashion
OWN679,Tech;Music;Pop Culture;General;Game
OWN680,Pop Culture;General;Sport;Music;Fashion
OWN681,Sport;Pop Culture;Music
OWN682,Fashion
OWN683,Tech;Game;General;Pop Culture
OWN684,Music;Game
OWN685,Fashion;Tech;Music;Pop Culture;Sport;General;Game
OWN686,Music;Sport;General;Game
OWN687,Game;Pop Culture;Fashion;General;Sport;Music
OWN688,General;Sport;Music;Fashion;Pop Culture;Game;Tech
OWN689,Sport;Tech;Music;Fashion;General;Pop Culture;Game
OWN690,Fashion
OWN691,Sport;General;Game;Music;Pop Culture;Tech;Fashion
OWN692,General;Fashion;Sport;Music;Tech;Game;Pop Culture
OWN693,Tech
OWN694,Pop Culture;Music;General;Fashion
OWN695,General;Fashion;Tech;Pop Culture;Game
OWN696,Pop Culture
OWN697,Music;Game;Fashion;Tech
OWN698,Music;General;Game;Fashion;Tech
OWN699,Game;Music;Tech;Fashion;Pop Culture;General
OWN700,Pop Culture;Fashion
OWN701,Fashion
OWN702,Sport;General;Music
OWN703,Pop Culture;General;Fashion;Game;Tech
OWN704,Tech
OWN705,Sport;Fashion;General;Music
OWN706,Fashion;Game;Tech;Pop Culture;Music
OWN707,Sport
OWN708,Music;Pop Culture;Fashion
OWN709,General
OWN710,Music;Sport;Fashion;General;Game
OWN711,Pop Culture;Sport
OWN712,Pop Culture;Game;Fashion;Tech;General
OWN713,Sport;Fashion
OWN714,Sport;Fashion;General;Pop Culture
OWN715,Music;Tech;Game;Fashion;Pop Culture;General
OWN716,Game;Music;Pop Culture;Sport
OWN717,Tech;General;Game
OWN718,Pop Culture;Tech
OWN719,Tech;General
OWN720,Tech;Music;Pop Culture;Sport;Game;Fashion;General
OWN721,Sport;General;Music;Tech
OWN722,Music;Pop Culture;Fashion;Tech;Sport;General
OWN723,Sport;General;Fashion;Pop Culture;Music;Game
OWN724,General;Fashion
OWN725,Sport;Tech
OWN726,Tech;General;Fashion;Pop Culture
OWN727,Game;Fashion;Tech;General;Sport;Pop Culture
OWN728,Music;Game
OWN729,General
OWN730,Game
OWN731,Sport
OWN732,Game;Fashion;Music;Sport;General;Pop Culture
OWN733,Game;Pop Culture
OWN734,Pop Culture
OWN735,Game;Pop Culture;Fashion;General;Sport
OWN736,Pop Culture;Tech;Game;Music;Sport;General;Fashion
OWN737,Fashion;General
OWN738,Sport;Tech
OWN739,Tech;Game;Sport;Fashion;Pop Culture
OWN740,Game
OWN741,Sport;General;Music;Pop Culture;Fashion;Game
OWN742,Tech;Game
OWN743,Pop Culture
OWN744,Sport;General;Tech;Fashion
OWN745,General;Music;Tech;Game;Pop Culture
OWN746,Sport;Music;Fashion;Tech;Pop Culture
OWN747,Pop Culture;Music;General;Sport;Tech;Game
OWN748,Game;Pop Culture
OWN749,Game;Music
OWN750,Tech;Pop Culture;Fashion;Sport;General;Game
OWN751,Game;General;Sport;Tech;Pop Culture;Fashion;Music
OWN752,Music;Fashion;Sport;Pop Culture;Game
OWN753,Game;Sport;General;Music
OWN754,Pop Culture;General;Fashion;Tech
OWN755,Sport
OWN756,Tech;Pop Culture
OWN757,Music;Pop Culture;Tech;Game;Sport;Fashion
OWN758,Game;General;Pop Culture
OWN759,Music;Sport;Game;Tech;Fashion;General;Pop Culture
OWN760,Fashion;Game;Tech;Sport;Pop Culture;General
OWN761,Sport;Pop Culture;Tech;General;Game;Fashion
OWN762,Tech;Game;General;Pop Culture
OWN763,Music;Sport;Fashion;Game
OWN764,Tech;Game
OWN765,Music;Pop Culture;Sport;Tech;General
OWN766,Pop Culture
OWN767,Game;Music;General;Tech;Fashion;Pop Culture;Sport
OWN768,Sport;Tech;Pop Culture;Game;Fashion;General;Music
OWN769,General;Tech;Game;Fashion;Sport;Music
OWN770,Sport;Fashion;General;Tech
OWN771,Fashion;Music;General;Sport;Game
OWN772,Game;Music;Pop Culture
OWN773,Pop Culture;Game;Fashion;General;Music
OWN774,General;Fashion;Tech;Music
OWN775,General
OWN776,Tech;Pop Culture;Fashion
OWN777,Tech;Fashion;Game;General;Sport;Pop Culture;Music
OWN778,Music;Game
OWN779,Fashion;General;Tech;Pop Culture
OWN780,Pop Culture;General;Sport;Game
OWN781,Music;General;Fashion
OWN782,Game;Music;Fashion;General
OWN783,General;Game;Music;Fashion
OWN784,Sport;General;Music;Fashion;Game;Pop Culture
OWN785,Tech;Pop Culture;Music;Sport;Game;General
OWN786,Music;General
OWN787,Tech
OWN788,General;Sport;Tech;Pop Culture
OWN789,General;Game;Music;Pop Culture;Fashion;Sport
OWN790,Sport;Game;Music;Fashion
OWN791,Music;Game;Fashion;Sport;Tech
OWN792,Sport
OWN793,Fashion;Game;Sport
OWN794,Music;General;Fashion;Pop Culture;Game
OWN795,Pop Culture;Tech;General;Fashion;Sport;Music;Game
OWN796,Game;Pop Culture;Fashion
OWN797,Game
OWN798,Pop Culture;Sport;Fashion;Game
OWN799,Fashion;Music;Game;Pop Culture
OWN800,Pop Culture;Game;Music
OWN801,Fashion
OWN802,Sport;Game;Tech
OWN803,Pop Culture;Fashion;Game;Tech;General;Sport;Music
OWN804,Sport;Pop Culture;General;Tech;Game
OWN805,General;Sport;Tech;Game
OWN806,Game;Fashion;Sport;Tech;General;Pop Culture
OWN807,General;Game;Sport
OWN808,Fashion;Tech;Music;General;Sport;Pop Culture;Game
OWN809,Game;General;Music;Sport;Fashion;Tech
OWN810,Fashion;Sport;General
OWN811,Fashion;Pop Culture;Game;Sport;Tech
OWN812,Pop Culture;Sport;Game;Fashion;Music
OWN813,Sport;Game;Fashion
OWN814,Pop Culture;Game;Sport;Music;General
OWN815,Music;Pop Culture;Sport
OWN816,Music
OWN817,General;Music
OWN818,Fashion;Music;Sport;Pop Culture;General;Game
OWN819,Sport;Music;Game;Pop Culture
OWN820,Fashion;Sport;Game;Music
OWN821,Sport;Tech;Game
OWN822,Tech;Music;Sport;Fashion;Game
OWN823,Game;Tech;Fashion;Sport;Pop Culture;Music;General
OWN824,Sport;Game;General;Fashion;Tech;Pop Culture
OWN825,Game;Pop Culture;Sport;General;Fashion;Music
OWN826,Music;Pop Culture;Fashion;Tech;Sport;Game;General
OWN827,Tech;Sport;Game;General;Music;Pop Culture
OWN828,Tech;Game;Music;Pop Culture;Sport;Fashion;General
OWN829,Fashion;Game;Music;Pop Culture;Sport;Tech
OWN830,Tech;Pop Culture;Music;Sport;Fashion
OWN831,Tech
OWN832,Pop Culture;Fashion
OWN833,General;Game;Pop Culture
OWN834,Fashion;Tech;Game;Sport;General
OWN835,Music;Tech;Fashion
OWN836,Fashion;Sport;Music;Pop Culture;General;Tech
OWN837,Music;Pop Culture;Tech;General
OWN838,Pop Culture
OWN839,Fashion;Music;Pop Culture
OWN840,Music;General;Pop Culture
OWN841,Music;Game
OWN842,General;Pop Culture;Sport;Music;Tech;Game
OWN843,Pop Culture;Music;Sport;General
OWN844,Music;Game
OWN845,Tech;Fashion;Sport;Music
OWN846,Tech;Sport;General;Game;Music;Fashion
OWN847,Fashion;Pop Culture;General;Tech
OWN848,Game;General;Tech
OWN849,Pop Culture;Music;General;Tech;Sport;Game;Fashion
OWN850,Game;Music;Pop Culture
OWN851,Music;Fashion;Pop Culture;Tech;Game;Sport;General
OWN852,Fashion;Tech;General;Music
OWN853,Pop Culture;Music
OWN854,Game;Sport;Fashion;Music
OWN855,Game;Tech;Sport;General;Fashion;Pop Culture;Music
OWN856,Tech;Game;Pop Culture
OWN857,Fashion;Music;Tech;Pop Culture;Game
OWN858,Fashion;Pop Culture;Tech;Game
OWN859,Music;Pop Culture;Tech;Game;Fashion;Sport;General
OWN860,Fashion;Music;Sport;General;Pop Culture
OWN861,General;Tech;Sport;Music
OWN862,General
OWN863,Music;Sport;Game;General;Fashion
OWN864,Fashion;Tech;General;Sport;Game
OWN865,Fashion;General;Tech
OWN866,Sport
OWN867,General;Tech;Pop Culture;Sport;Fashion;Music;Game
OWN868,Music
OWN869,Music;Pop Culture
OWN870,Pop Culture;Game;Music;General
OWN871,General;Pop Culture;Sport;Fashion
OWN872,Music;Tech
OWN873,Pop Culture;Game;Music
OWN874,Fashion;General
OWN875,Music;Pop Culture
OWN876,Sport;General;Fashion;Music
OWN877,Fashion;Tech
OWN878,Game;Pop Culture;Music
OWN879,Sport;Music;Pop Culture;General;Tech
OWN880,Music;Pop Culture;Fashion;Game;Tech;Sport
OWN881,Fashion;General
OWN882,Tech;Fashion;Pop Culture;Sport;Music;General
OWN883,Fashion;Game;General;Sport;Pop Culture;Tech;Music
OWN884,Fashion;Music;Game;Sport;Pop Culture
OWN885,Sport;Pop Culture;Music;Fashion
OWN886,Tech;General;Fashion;Pop Culture;Sport
OWN887,Pop Culture;Music;General;Tech
OWN888,Sport;Game;Fashion
OWN889,Sport
OWN890,Tech;Fashion;Game;Pop Culture
OWN891,General;Sport;Pop Culture;Music
OWN892,Game;Pop Culture;Sport;Music;Fashion
OWN893,Tech;Game;Fashion;Music
OWN894,General
OWN895,Sport;Pop Culture;Tech
OWN896,Tech;Music
OWN897,Tech;Game;Pop Culture
OWN898,General;Sport;Music;Pop Culture;Fashion;Game
OWN899,Fashion;Music;General;Tech;Game;Pop Culture
OWN900,Tech;Fashion;Pop Culture;General;Music;Sport;Game
OWN901,Sport;Music;Fashion;Tech;Game;Pop Culture;General
OWN902,Fashion;Music;Pop Culture;General;Tech
OWN903,Game;Tech;General
OWN904,Sport
OWN905,Pop Culture;Fashion
OWN906,Tech
OWN907,Sport;Pop Culture;General;Tech;Music
OWN908,Tech;Game;Music;Fashion;General;Pop Culture;Sport
OWN909,Tech;Game
OWN910,Pop Culture;General;Sport
OWN911,Tech;General
OWN912,Music;Fashion;Sport;Tech
OWN913,General;Sport;Pop Culture;Game
OWN914,Tech;Sport
OWN915,Sport;Game;Music;Pop Culture;Fashion
OWN916,Music;General;Pop Culture;Game;Fashion;Tech
OWN917,Tech;Game;Pop Culture
OWN918,Fashion;Pop Culture;General;Sport
OWN919,Sport;Game;Pop Culture;Tech;Fashion;Music;General
OWN920,Pop Culture;Sport;Game;Music
OWN921,Fashion;Game;General;Pop Culture;Sport;Music;Tech
OWN922,Sport;Fashion;General;Game;Music;Tech
OWN923,General
OWN924,Pop Culture
OWN925,General
OWN926,Tech;Sport;Fashion;Pop Culture;General;Music
OWN927,Music;Game;Pop Culture;Sport;Fashion;Tech;General
OWN928,Sport;Tech;General;Music
OWN929,General;Fashion
OWN930,Game;Tech;Pop Culture;Sport;Music
OWN931,Music;Fashion
OWN932,Pop Culture;Music;Fashion;Sport
OWN933,Music;Fashion;Pop Culture;General;Game;Sport;Tech
OWN934,Sport;Pop Culture;Tech;General;Game;Music;Fashion
OWN935,Fashion;Sport;Game
OWN936,Music
OWN937,Sport;Tech;Music;Pop Culture;Game
OWN938,Sport;Fashion;Tech
OWN939,Tech
OWN940,General;Fashion;Tech;Pop Culture;Game;Music
OWN941,Fashion;Sport;General;Tech;Music
OWN942,Music
OWN943,Tech
OWN944,Tech;Pop Culture;General;Game;Sport
OWN945,Music;Pop Culture;Game
OWN946,Sport
OWN947,Pop Culture;Music;Sport;Tech;General;Game;Fashion
OWN948,Fashion;Tech;Music;Pop Culture;General;Sport
OWN949,Music;Tech;Fashion;General;Game;Pop Culture
OWN950,Tech;Sport
OWN951,Fashion;Game;Sport;Music;Pop Culture;Tech
OWN952,Music;Sport;General;Tech;Fashion
OWN953,Tech;Game;Music;Fashion
OWN954,Tech
OWN955,Fashion;Sport;General;Music;Game
OWN956,Pop Culture;Tech;Music;Game;Fashion
OWN957,General;Pop Culture;Music;Fashion;Game
OWN958,Music;Game;Tech
OWN959,Game;Music
OWN960,Tech;Pop Culture
OWN961,Music;Pop Culture;Tech
OWN962,Music;Fashion;Pop Culture;Sport
OWN963,Music;Pop Culture;General
OWN964,Pop Culture
OWN965,Pop Culture;Tech;Sport;Game
OWN966,Fashion;Tech;Pop Culture;General;Game;Sport
OWN967,Sport
OWN968,Music;General;Game;Pop Culture;Fashion
OWN969,Sport;Fashion;Music;Pop Culture;General
OWN970,General;Tech
OWN971,General;Tech;Game;Sport
OWN972,Game;General;Music;Pop Culture
OWN973,Fashion;Pop Culture;Sport;General
OWN974,Pop Culture;Game;General
OWN975,Fashion;General;Tech
OWN976,General;Game;Pop Culture;Fashion
OWN977,Pop Culture;General
OWN978,General;Sport;Music;Game
OWN979,Fashion;General;Music;Pop Culture;Tech;Sport
OWN980,Pop Culture;General;Fashion;Tech;Game
OWN981,Pop Culture;Fashion;Music;General;Tech
OWN982,Fashion;Tech;Sport;Game;Pop Culture
OWN983,Sport;Pop Culture;Fashion;Music
OWN984,Fashion;Pop Culture;Game
OWN985,Pop Culture;Music;Tech;Sport
OWN986,Tech;Game;Sport;Pop Culture;Music;Fashion
OWN987,General;Pop Culture;Game;Fashion;Music;Tech
OWN988,Game;Fashion;Pop Culture;Sport;General;Music;Tech
OWN989,Game;Fashion;Sport
OWN990,Tech;Pop Culture
OWN991,Game;Fashion;Music;General
OWN992,Pop Culture;General;Game;Fashion
OWN993,Sport;Tech;Fashion;Game;Pop Culture;Music;General
OWN994,Sport;Music;General;Fashion;Game;Pop Culture;Tech
OWN995,Sport;General
OWN996,Sport;Pop Culture;Tech;General;Music;Game;Fashion
OWN997,Game;Fashion
OWN998,Game;Sport;Tech;Pop Culture;Music;General;Fashion
OWN999,Pop Culture;Fashion;Game;General;Sport;Music;Tech
OWN1000,Tech;Pop Culture;Game;Fashion;Sport;Music
OWN1001,Pop Culture;Sport;Fashion;General
OWN1002,Tech;Pop Culture;Music
OWN1003,Fashion;Sport;Music;Pop Culture
OWN1004,Tech;Music;Fashion
OWN1005,Fashion;Sport;Tech;General
OWN1006,Fashion;Pop Culture;General;Music
OWN1007,Fashion;Music
OWN1008,Pop Culture
OWN1009,Fashion;Sport
OWN1010,General;Tech
OWN1011,Pop Culture;Game;Sport;General;Fashion
OWN1012,Game;Music;Pop Culture;Sport;General
OWN1013,Sport;Pop Culture;Game
OWN1014,General
OWN1015,Tech;General;Pop Culture;Fashion;Sport
OWN1016,Music;Fashion;Tech;Pop Culture;General;Sport;Game
OWN1017,Pop Culture;Game;Fashion;Tech
OWN1018,Fashion
OWN1019,Game
OWN1020,Tech;General
OWN1021,Music;Tech;General
OWN1022,General
OWN1023,Tech
OWN1024,Fashion;Tech
OWN1025,General;Fashion;Sport;Pop Culture;Tech
OWN1026,Music
OWN1027,Fashion;Game;General
OWN1028,Fashion;Game;General
OWN1029,Tech;Sport
OWN1030,Tech;Fashion;Game;General;Sport;Music
OWN1031,Sport;General;Game
OWN1032,Music;Fashion
OWN1033,Pop Culture
OWN1034,Fashion
OWN1035,Pop Culture;Sport;Fashion;Game
OWN1036,Sport
OWN1037,Music;Pop Culture;Tech;General;Sport;Game;Fashion
OWN1038,Tech;Pop Culture;Sport
OWN1039,Pop Culture;General;Music;Game;Fashion
OWN1040,Music;Tech;Sport;General;Fashion;Pop Culture;Game
OWN1041,Music;Game;Sport;General;Pop Culture
OWN1042,General;Sport;Music
OWN1043,Fashion
OWN1044,Tech;Pop Culture;General;Fashion;Music;Game;Sport
OWN1045,Tech
OWN1046,Fashion;Tech;Pop Culture
OWN1047,Game;Fashion;Pop Culture
OWN1048,Tech;General;Sport;Music;Game
OWN1049,Music;Sport;Tech;Pop Culture
OWN1050,Sport;Game;Music;Tech
OWN1051,Fashion;Game;Tech;Music;Pop Culture
OWN1052,Game;Tech;Fashion;Sport;Pop Culture;General
OWN1053,Pop Culture;Tech;Fashion;Sport;Music;Game
OWN1054,General;Fashion
OWN1055,Game
OWN1056,Game;Fashion;General;Pop Culture;Sport;Tech;Music
OWN1057,General;Pop Culture
OWN1058,General;Tech
OWN1059,Fashion;Tech;General;Music;Pop Culture
OWN1060,Tech;Pop Culture;Music;Sport;Game;General;Fashion
OWN1061,Sport;Pop Culture;General;Fashion;Tech;Music;Game
OWN1062,Sport
OWN1063,Pop Culture;General;Tech
OWN1064,Fashion;Game;Music;General;Sport
OWN1065,Sport;Pop Culture
OWN1066,General
OWN1067,Pop Culture;General;Game;Music;Sport;Tech;Fashion
OWN1068,Game;Pop Culture;Music;Sport;General
OWN1069,Music;Pop Culture;Fashion;General;Game;Tech
OWN1070,Music;Sport;Fashion
OWN1071,Music;Game;Sport;Fashion
OWN1072,Tech;Game
OWN1073,General;Music
OWN1074,Pop Culture;Sport;Tech;Fashion;Game;Music;General
OWN1075,Pop Culture;General;Tech;Sport
OWN1076,General;Pop Culture;Fashion;Sport;Tech
OWN1077,General;Tech;Pop Culture;Sport;Music;Game;Fashion
OWN1078,Sport;Pop Culture;Music;Fashion;General
OWN1079,Tech
OWN1080,Sport;Music;Game;Fashion
OWN1081,Sport;Fashion;Game;Music;Tech
OWN1082,Game;Sport;General;Pop Culture;Tech
OWN1083,Fashion
OWN1084,Game;Pop Culture
OWN1085,Game;General;Pop Culture;Sport;Fashion;Music;Tech
OWN1086,Sport
OWN1087,Music;Pop Culture
OWN1088,Tech;Pop Culture;Fashion
OWN1089,Pop Culture;Sport;Music;Fashion;Tech;Game
OWN1090,Tech;Fashion;General;Music;Sport;Pop Culture
OWN1091,Fashion
OWN1092,Music;Pop Culture;Tech
OWN1093,Sport;Fashion;Game;General;Pop Culture
OWN1094,Sport;Pop Culture;Tech
OWN1095,Music;Sport;Game
OWN1096,Music;Game;Fashion;Sport;General;Pop Culture
OWN1097,Game;Music;Fashion;Pop Culture;Tech;Sport
OWN1098,Sport;Tech;Fashion;Music;Game;Pop Culture
OWN1099,Fashion;General;Pop Culture;Game
OWN1100,Fashion;Tech;Sport;Pop Culture;General;Game;Music
OWN1101,Music;Game;Fashion;Sport;Pop Culture
OWN1102,Tech
OWN1103,General;Game;Pop Culture;Fashion;Sport;Tech;Music
OWN1104,Tech;Pop Culture
OWN1105,Sport;Fashion;Music;Tech
OWN1106,Pop Culture;Game
OWN1107,Game;Tech;Sport
OWN1108,General;Pop Culture
OWN1109,Fashion;Sport;General;Game;Pop Culture;Tech
OWN1110,Sport;Music;Game;Fashion;Tech
OWN1111,General;Game
OWN1112,Music;Tech;Game;Sport
OWN1113,Sport;Game;Pop Culture;Tech;General;Music;Fashion
OWN1114,Game;Pop Culture;Fashion;Music;General;Tech
OWN1115,Sport;Fashion;Game;Music
OWN1116,Tech;Sport;Music;General;Pop Culture;Fashion;Game
OWN1117,Fashion;Tech;Pop Culture;Sport
OWN1118,General;Fashion;Game;Sport
OWN1119,Music;Fashion;Sport;General;Pop Culture
OWN1120,Tech;General;Fashion;Game;Pop Culture
OWN1121,Music;Sport;Game;Tech;General;Pop Culture
OWN1122,General
OWN1123,General;Pop Culture;Game;Music;Sport;Fashion
OWN1124,Game;General;Tech;Fashion
OWN1125,General;Game
OWN1126,Tech;Sport;Pop Culture;Fashion;Music
OWN1127,Fashion;Game;Music;Tech;Sport;General;Pop Culture
OWN1128,Music;Game;Tech;Fashion
OWN1129,Sport;General;Fashion;Game
OWN1130,Pop Culture;General;Fashion;Sport;Game
OWN1131,Tech;Pop Culture;Game;Sport
OWN1132,General;Music;Pop Culture
OWN1133,Sport;Fashion;Music;Pop Culture;Game;General;Tech
OWN1134,Pop Culture;Sport;General;Music;Fashion;Tech
OWN1135,Tech;Pop Culture
OWN1136,Pop Culture;Music;Tech;Fashion;Game;General;Sport
OWN1137,Music;General
OWN1138,Tech;General;Game;Music
OWN1139,General;Game;Tech;Fashion;Sport
OWN1140,Fashion;Tech;Sport;Pop Culture
OWN1141,Music;General;Fashion;Game
OWN1142,Music;Game;Fashion;Tech;Pop Culture;General;Sport
OWN1143,Music;Game;Tech;General
OWN1144,Tech;Sport;Music;Pop Culture;Game;General;Fashion
OWN1145,Tech;Music
OWN1146,Game;Fashion
OWN1147,General;Game;Music
OWN1148,Pop Culture
OWN1149,Music;Tech;Sport;Pop Culture;General
OWN1150,General;Sport;Music;Fashion;Tech;Pop Culture
OWN1151,Fashion
OWN1152,Music;Tech
OWN1153,General;Music
OWN1154,General;Pop Culture;Music;Game;Sport;Fashion
OWN1155,Pop Culture;Music;General;Fashion
OWN1156,Sport;Music;Pop Culture;Game;Fashion
OWN1157,General;Music
OWN1158,Music;Fashion;Tech;Pop Culture;Game;Sport;General
OWN1159,Fashion;Pop Culture;Game;Sport
OWN1160,Music;Fashion
OWN1161,General;Tech;Fashion;Pop Culture
OWN1162,General;Music;Game;Pop Culture;Tech;Fashion;Sport
OWN1163,General;Game;Fashion;Music
OWN1164,Tech
OWN1165,Fashion
OWN1166,General;Tech;Fashion
OWN1167,General;Fashion;Pop Culture;Tech;Sport;Game
OWN1168,Music;General;Sport
OWN1169,Pop Culture;General;Music;Fashion
OWN1170,Sport;Tech;General
OWN1171,General
OWN1172,Tech;Game
OWN1173,Sport
OWN1174,General;Sport
OWN1175,Game;Fashion;Music;General;Pop Culture;Tech
OWN1176,Music;Pop Culture;General;Fashion;Tech;Game;Sport
OWN1177,General;Sport;Music;Fashion;Game;Pop Culture;Tech
OWN1178,Fashion;Pop Culture
OWN1179,General;Game;Pop Culture;Music
OWN1180,Music;General;Fashion;Pop Culture;Sport;Game
OWN1181,Tech;Music;Sport;Game
OWN1182,Pop Culture;Fashion;General
OWN1183,General;Fashion;Game;Music;Sport;Pop Culture
OWN1184,Game;Sport
OWN1185,Pop Culture
OWN1186,General;Sport
OWN1187,Fashion;Pop Culture;General;Tech;Game;Sport
OWN1188,Pop Culture;Fashion;Music;Sport;General;Game
OWN1189,Game
OWN1190,Pop Culture;General;Tech;Sport;Music;Game;Fashion
OWN1191,Music;Sport;Pop Culture;Fashion
OWN1192,General;Pop Culture
OWN1193,Fashion;Sport;Tech;General
OWN1194,Music
OWN1195,Tech;Music;Sport;Pop Culture
OWN1196,General;Fashion;Tech;Pop Culture;Sport
OWN1197,General;Tech;Game;Pop Culture;Fashion
OWN1198,Sport;Pop Culture;Music;Fashion;General;Game
OWN1199,Game;Fashion;Sport;Pop Culture;General;Tech
OWN1200,Pop Culture;Game;General;Fashion;Sport;Music
OWN1201,General;Music;Pop Culture;Tech;Game;Sport;Fashion
OWN1202,General;Game
OWN1203,General;Fashion;Pop Culture;Music;Game;Tech
OWN1204,Fashion;Sport;Tech;General;Pop Culture
OWN1205,General
OWN1206,Tech;Fashion;Game
OWN1207,Sport;Fashion;Game;Tech;General
OWN1208,General;Pop Culture;Music;Game
OWN1209,Music;Sport
OWN1210,Tech;Game;Pop Culture;Sport;Music;Fashion;General
OWN1211,Pop Culture
OWN1212,Sport
OWN1213,Music;Game;Fashion;Pop Culture;Tech;Sport
OWN1214,Tech
OWN1215,Sport;General;Tech;Game;Fashion;Music
OWN1216,Pop Culture;Fashion;Tech;Sport
OWN1217,Pop Culture;Tech;Sport;Fashion
OWN1218,Fashion;Music;Pop Culture;General;Sport;Game
OWN1219,Tech;General;Pop Culture;Music
OWN1220,Sport;Music;Tech;Fashion;Pop Culture;Game
OWN1221,Sport;Game
OWN1222,Tech;Pop Culture;Music
OWN1223,Fashion;Pop Culture;Tech;Sport;Game;Music
OWN1224,General;Sport;Pop Culture;Fashion;Music
OWN1225,General;Pop Culture;Sport;Fashion
OWN1226,Sport;Tech
OWN1227,Tech;Game;Pop Culture;General;Sport;Music;Fashion
OWN1228,Game;Music;Sport;Pop Culture
OWN1229,Tech;General
OWN1230,General;Music;Sport;Fashion;Pop Culture;Tech
OWN1231,Pop Culture;Sport
OWN1232,Sport;General;Pop Culture;Music;Tech
OWN1233,Game;General;Pop Culture;Fashion;Sport;Music;Tech
OWN1234,Sport;General
OWN1235,General;Pop Culture;Fashion
OWN1236,General
OWN1237,Sport;Pop Culture;Fashion;Game;Tech
OWN1238,Tech;General;Sport;Pop Culture;Game;Music;Fashion
OWN1239,Sport;Music;Tech;General;Fashion;Game
OWN1240,Music;Fashion
OWN1241,Sport
OWN1242,Tech;General;Sport
OWN1243,Fashion;Pop Culture;Game;Music;Tech
OWN1244,Sport;Fashion;Music
OWN1245,Pop Culture;Music;General;Fashion
OWN1246,Tech;Sport;Music
OWN1247,Game;General;Music;Sport;Pop Culture;Tech
OWN1248,Fashion;Music;General;Sport;Tech
OWN1249,Tech
OWN1250,Pop Culture;Sport
OWN1251,Tech;Pop Culture
OWN1252,Game;Tech;Fashion
OWN1253,Game;Pop Culture;General;Tech;Fashion;Sport;Music
OWN1254,Music;Pop Culture;Fashion;Game;General;Tech
OWN1255,Sport;General;Music;Pop Culture
OWN1256,General;Fashion;Music
OWN1257,Game;Fashion;Sport;Pop Culture;General;Tech;Music
OWN1258,Fashion;Game;Pop Culture;Music;Tech
OWN1259,Pop Culture
OWN1260,Sport;Music;General;Pop Culture;Fashion;Game;Tech
OWN1261,Game;Tech
OWN1262,General;Tech;Music;Pop Culture;Fashion;Game
OWN1263,Fashion
OWN1264,Music;Game;Sport;General;Pop Culture;Tech
OWN1265,Fashion;Sport;Tech;General;Pop Culture
OWN1266,Music;Sport;General;Tech;Pop Culture
OWN1267,Sport;Pop Culture;General;Game
OWN1268,Music;General;Game;Sport
OWN1269,Game;Music;Tech;Pop Culture;Fashion;Sport
OWN1270,Fashion;Game
OWN1271,Pop Culture;Game;Music;General
OWN1272,Game;Sport;Tech;Music;General;Fashion;Pop Culture
OWN1273,Music;Game;Sport
OWN1274,Tech;Fashion;Music;Pop Culture;Game
OWN1275,Game;Fashion;Pop Culture;Sport;General
OWN1276,Game;Pop Culture;Tech;Music;General
OWN1277,Pop Culture;Tech;Sport;Fashion;Music;General
OWN1278,Music
OWN1279,General
OWN1280,Fashion;General;Music;Sport;Game;Pop Culture;Tech
OWN1281,Sport;Tech;Pop Culture;General
OWN1282,Tech;Fashion
OWN1283,Tech;Pop Culture;General;Music
OWN1284,Pop Culture;Tech;Game;Music;General
OWN1285,Game;Sport
OWN1286,Sport;Tech;Game;General;Fashion;Music;Pop Culture
OWN1287,Fashion
OWN1288,Sport
OWN1289,Pop Culture;Music;General;Sport;Fashion
OWN1290,Sport;Pop Culture;Game;Fashion;Tech;Music;General
OWN1291,Tech;General;Fashion;Music;Game
OWN1292,Game
OWN1293,General;Fashion
OWN1294,Sport;Game
OWN1295,Sport;Game;Music;Tech
OWN1296,Pop Culture;Tech
OWN1297,Sport;General;Fashion
OWN1298,Music;General;Pop Culture;Sport;Tech;Fashion
OWN1299,Music;Pop Culture;General
OWN1300,Game
OWN1301,Sport;Fashion;Game;Tech;Pop Culture;General
OWN1302,General;Game
OWN1303,Fashion
OWN1304,Pop Culture;Music;Sport;Game;Tech;Fashion
OWN1305,General
OWN1306,Fashion;Pop Culture;General
OWN1307,Sport;Game;Music;Fashion;Pop Culture
OWN1308,General;Fashion;Music;Game;Sport
OWN1309,Music;Tech;Game;Sport;General;Fashion
OWN1310,Game
OWN1311,General;Sport;Fashion;Music;Pop Culture;Game;Tech
OWN1312,Pop Culture;Game;Sport;General;Fashion;Music
OWN1313,Music;Sport;Pop Culture;Tech;Fashion;Game
OWN1314,General;Tech;Sport;Pop Culture;Music;Game;Fashion
OWN1315,Music;Pop Culture;Game;Sport
OWN1316,Fashion;Sport;Pop Culture;Game
OWN1317,Fashion
OWN1318,Game;General;Music;Pop Culture;Sport;Fashion
OWN1319,Game
OWN1320,Tech;Sport
OWN1321,Game
OWN1322,Fashion;Sport;Music;Tech
OWN1323,Game;Pop Culture;Tech
OWN1324,Music;General;Tech;Sport;Pop Culture;Fashion
OWN1325,Pop Culture;Music;Tech
OWN1326,Sport;Tech;General
OWN1327,Game;Tech;Fashion;Pop Culture;Music
OWN1328,Fashion;Tech
OWN1329,Music;Tech;Game;Fashion
OWN1330,Tech;General;Music;Game;Sport;Fashion
OWN1331,Game;Fashion;Pop Culture;Sport
OWN1332,Pop Culture;Sport;Tech;Fashion;General;Game;Music
OWN1333,Pop Culture;Game;Music;Tech;Fashion;General
OWN1334,Tech;Music;Game
OWN1335,Sport
OWN1336,Music;Tech
OWN1337,Tech
OWN1338,Game;General;Fashion;Tech;Pop Culture;Sport
OWN1339,General
OWN1340,Game;Music
OWN1341,Fashion
OWN1342,Tech;Fashion
OWN1343,Game;Fashion;Sport;Tech
OWN1344,Sport;Fashion;General;Game;Tech;Pop Culture;Music
OWN1345,Music;Sport;Game
OWN1346,Pop Culture;General;Music
OWN1347,General;Game;Tech;Fashion;Pop Culture
OWN1348,Pop Culture;Sport;Game;Tech;General;Fashion
OWN1349,Game;Fashion;General;Tech;Pop Culture;Sport
OWN1350,Tech;Sport;Pop Culture;Fashion;General;Music
OWN1351,Tech;Sport;Game;Music;Fashion;Pop Culture;General
OWN1352,Pop Culture;General;Sport;Music;Fashion
OWN1353,Pop Culture;Tech;Sport
OWN1354,Pop Culture;Music
OWN1355,Pop Culture;General
OWN1356,Music;Fashion;General;Tech;Game
OWN1357,Music
OWN1358,Fashion;Game;Tech;Music
OWN1359,General;Game;Pop Culture;Sport;Fashion;Tech
OWN1360,Game
OWN1361,Music;Fashion;Game;General;Sport
OWN1362,Pop Culture;Music;Fashion;Sport;General;Game;Tech
OWN1363,Fashion;Game
OWN1364,Tech;General;Pop Culture;Game
OWN1365,Music;Pop Culture;Tech;Sport;Fashion;General
OWN1366,Tech;Game
OWN1367,Music
OWN1368,Music;Pop Culture;General;Fashion;Tech;Game;Sport
OWN1369,Game;General;Sport;Pop Culture;Tech;Fashion
OWN1370,General;Tech;Game;Sport;Fashion
OWN1371,Sport
OWN1372,Sport;General
OWN1373,Music;Pop Culture;General
OWN1374,Sport;Tech;General;Fashion;Game
OWN1375,Sport;Fashion;Tech;Game
OWN1376,Tech;Game;Sport
OWN1377,Tech;Sport;Music;Fashion;General;Pop Culture
OWN1378,Music;Fashion
OWN1379,Tech;Sport;Music;Pop Culture;Fashion;Game;General
OWN1380,Fashion;General;Pop Culture;Game;Sport;Tech;Music
OWN1381,Game;Sport;General;Music;Tech
OWN1382,Pop Culture;Game
OWN1383,Sport;Pop Culture;Game;Tech;Fashion;Music
OWN1384,Game;General;Pop Culture
OWN1385,Fashion;Tech;Game;Sport;Pop Culture;Music;General
OWN1386,Fashion;Game;General;Pop Culture;Music
OWN1387,Pop Culture;Game;Sport;Tech;Music
OWN1388,Game;Sport;Tech
OWN1389,Game
OWN1390,Sport
OWN1391,Game;Sport;Music;General
OWN1392,Game;Music;Pop Culture
OWN1393,Pop Culture;Music;Sport;Game;Tech
OWN1394,Sport;Pop Culture;Music
OWN1395,Pop Culture;Music
OWN1396,Pop Culture;General
OWN1397,Fashion;Tech;General;Sport;Game;Music
OWN1398,Pop Culture;Fashion;Game;Sport;General
OWN1399,General;Tech;Music;Sport;Game;Pop Culture;Fashion
OWN1400,Fashion;Game;Pop Culture;Tech;General
OWN1401,Sport;Game;Music;Tech
OWN1402,General;Pop Culture;Sport
OWN1403,Pop Culture;Game;Fashion;Tech;General;Sport;Music
OWN1404,Game;Tech;Fashion;General;Music;Sport;Pop Culture
OWN1405,Game;General;Tech;Music;Pop Culture;Fashion
OWN1406,Sport;Game
OWN1407,General;Pop Culture
OWN1408,Fashion;Tech;Pop Culture;Music;Sport;Game
OWN1409,Game;Music
OWN1410,Fashion;Tech
OWN1411,Fashion;Game;Music;General;Sport;Pop Culture
OWN1412,Music;Sport;Fashion;General;Tech;Pop Culture;Game
OWN1413,Pop Culture;Music
OWN1414,Music;Sport;Tech;General;Pop Culture;Fashion;Game
OWN1415,Tech;Fashion;Game;Pop Culture
OWN1416,Pop Culture;General;Sport
OWN1417,General;Music;Game;Pop Culture
OWN1418,Game;Tech;General;Music;Fashion;Pop Culture;Sport
OWN1419,Fashion;General;Tech;Music
OWN1420,Game;Tech;Sport;Fashion;Pop Culture
OWN1421,Tech;General;Sport
OWN1422,Music;Game;Pop Culture;Sport
OWN1423,Fashion;Tech
OWN1424,Tech;Game
OWN1425,Tech;Game;Music;Pop Culture;Fashion;Sport;General
OWN1426,Sport;Tech;Game;Pop Culture;Fashion;General
OWN1427,Tech;Game
OWN1428,Game;Sport
OWN1429,Pop Culture;Tech;Music;Fashion;Sport
OWN1430,Music
OWN1431,Game;Sport
OWN1432,Game;Fashion;Sport;Tech;Music;General
OWN1433,Game;Music;Tech;Sport;Pop Culture;General
OWN1434,Music;General;Tech;Pop Culture
OWN1435,Tech;Game;General;Fashion;Pop Culture;Sport
OWN1436,Sport;Pop Culture;Tech;Game;Music
OWN1437,Pop Culture;General;Fashion;Game;Sport;Tech;Music
OWN1438,Tech;Game
OWN1439,Pop Culture;Music
OWN1440,Fashion;Tech;Pop Culture;Music;Sport;Game;General
OWN1441,Pop Culture;Music
OWN1442,Tech
OWN1443,General;Pop Culture;Fashion
OWN1444,Sport;General
OWN1445,Tech;Game;Pop Culture;Sport
OWN1446,Pop Culture;Sport;Fashion
OWN1447,Fashion;Sport;Music;General;Pop Culture;Tech
OWN1448,General;Music;Tech;Fashion
OWN1449,Music;Fashion;Pop Culture;General;Tech;Sport;Game
OWN1450,Music
OWN1451,Tech;Music;Pop Culture;Game;Fashion;General;Sport
OWN1452,Pop Culture;Game;Fashion;Music;Sport;Tech;General
OWN1453,Pop Culture;Music;Tech;Sport;General;Game;Fashion
OWN1454,Game;General;Music
OWN1455,Fashion;Sport
OWN1456,General;Pop Culture;Fashion;Game;Tech
OWN1457,Pop Culture;Tech;Fashion
OWN1458,Music;Sport;Pop Culture;Tech
OWN1459,Tech;General;Fashion;Game;Pop Culture;Sport;Music
OWN1460,Sport
OWN1461,Game;Music;General;Sport
OWN1462,Music;Fashion;Pop Culture
OWN1463,Pop Culture
OWN1464,Fashion;Music;General
OWN1465,Pop Culture;Game;Fashion
OWN1466,Game;General;Pop Culture;Fashion;Sport;Tech
OWN1467,General;Tech;Pop Culture;Game;Sport;Fashion
OWN1468,Music;Fashion;Sport;Pop Culture;Game
OWN1469,Game;Music
OWN1470,Tech;Fashion;Music;Pop Culture;General;Sport
OWN1471,Music
OWN1472,General;Music;Tech;Game;Sport
OWN1473,Pop Culture;Sport;General;Tech
OWN1474,Game;Pop Culture;Music
OWN1475,Sport;Pop Culture;Tech
OWN1476,General
OWN1477,General;Game;Tech;Pop Culture;Sport;Music;Fashion
OWN1478,Music
OWN1479,Pop Culture;Music;General;Sport
OWN1480,Game
OWN1481,Fashion;Music;General;Game;Tech;Sport;Pop Culture
OWN1482,Fashion
OWN1483,General;Tech;Music;Sport;Pop Culture;Fashion
OWN1484,General;Game;Pop Culture;Sport
OWN1485,Game;Tech;Fashion;General;Music;Sport
OWN1486,Game;Tech;Sport;Pop Culture;Fashion;General;Music
OWN1487,Music;Tech
OWN1488,Music;General
OWN1489,Fashion;Pop Culture;Game;General;Music;Tech
OWN1490,Pop Culture;Sport
OWN1491,Sport;Tech;Fashion;Pop Culture
OWN1492,Game;Tech;General;Music;Fashion;Sport
OWN1493,Music;Fashion;Game;General;Pop Culture;Tech;Sport
OWN1494,Game;Music;Sport;Tech;General;Pop Culture;Fashion
OWN1495,Game;General;Fashion;Music;Sport
OWN1496,Pop Culture;Tech;Game;Sport;Fashion;Music
OWN1497,Game;Tech;Fashion
OWN1498,Sport;Game;Pop Culture;Tech;Music;Fashion;General
OWN1499,Pop Culture;General;Music;Fashion;Tech;Game;Sport
OWN1500,Tech;Game;Fashion;Music;General;Sport;Pop Culture
OWN1501,Sport;Tech;Game
OWN1502,Tech;Sport;Pop Culture;Game
OWN1503,Game;Tech;Sport;Fashion
OWN1504,Music
OWN1505,Music;Sport;Pop Culture;Game;General;Fashion
OWN1506,General
OWN1507,Game;Pop Culture;Sport;Music;Fashion;General
OWN1508,Tech
OWN1509,General;Sport;Fashion;Tech;Pop Culture
OWN1510,Fashion;General;Music;Tech;Pop Culture;Game
OWN1511,Pop Culture;Sport;Game;General
OWN1512,Music;Fashion;Tech
OWN1513,Music;Sport
OWN1514,General;Game;Fashion;Sport;Tech
OWN1515,Pop Culture
OWN1516,Tech;Game;Pop Culture;Fashion;General;Music;Sport
OWN1517,General;Sport;Game;Tech
OWN1518,Pop Culture
OWN1519,Fashion;Pop Culture;Music
OWN1520,Music
OWN1521,General;Music;Fashion;Tech
OWN1522,Music;Sport;Fashion
OWN1523,Tech;Game;Music;General;Sport;Pop Culture
OWN1524,Fashion;Pop Culture;Tech
OWN1525,Pop Culture;Tech
OWN1526,Tech;Fashion;General;Game;Sport
OWN1527,Music;Tech
OWN1528,Sport;General;Game;Music
OWN1529,Fashion;Sport
OWN1530,Fashion;General;Sport
OWN1531,Sport;Music;Fashion
OWN1532,Game;Sport;General;Fashion;Music
OWN1533,Music;Game;Tech;General;Pop Culture;Fashion;Sport
OWN1534,Sport;Fashion;Tech;General
OWN1535,Pop Culture;Sport;Fashion
OWN1536,Music;General;Sport;Tech;Game;Pop Culture;Fashion
OWN1537,Fashion;General;Sport;Game;Tech
OWN1538,Sport;General;Game
OWN1539,Tech;General;Sport;Game;Fashion;Pop Culture;Music
OWN1540,General;Tech;Game
OWN1541,Sport;Pop Culture;Music
OWN1542,Pop Culture;Game;Sport;Music;Fashion;General;Tech
OWN1543,Sport;Music
OWN1544,Tech;Sport
OWN1545,Pop Culture;General;Game;Music
OWN1546,Sport;Pop Culture;Tech
OWN1547,Sport
OWN1548,Fashion;General;Game;Pop Culture;Sport;Tech;Music
OWN1549,Fashion;Pop Culture
OWN1550,Tech;Fashion;General;Music;Sport
OWN1551,Music;Tech;Game;Sport;General
OWN1552,Game;Pop Culture;Music;Fashion;Tech;Sport
OWN1553,Music;Sport;Game;Tech;General
OWN1554,General;Sport;Tech;Game;Music
OWN1555,Music;Pop Culture
OWN1556,Music;Pop Culture;General
OWN1557,Tech;Pop Culture;Sport;Fashion;Music;General
OWN1558,Game;Music;Fashion;Tech;General;Sport;Pop Culture
OWN1559,Music;Pop Culture;Fashion
OWN1560,General
OWN1561,Fashion;Game;Tech
OWN1562,Sport;Music;Fashion;Pop Culture;Game;General;Tech
OWN1563,General;Game
OWN1564,Sport;Fashion;Pop Culture;General
OWN1565,Game;Pop Culture;Music;General;Fashion;Sport
OWN1566,Tech;Pop Culture;Music;Game
OWN1567,General;Game;Pop Culture;Music;Tech;Sport;Fashion
OWN1568,Pop Culture;Fashion
OWN1569,General;Tech;Sport;Fashion;Pop Culture
OWN1570,Fashion;Pop Culture
OWN1571,Sport;Game;Pop Culture;Music
OWN1572,Music;Sport;Fashion;General;Pop Culture
OWN1573,Game;Fashion;Tech;Music;Sport
OWN1574,Game;Sport;Fashion;Tech
OWN1575,Game;Tech;Sport
OWN1576,Music;Tech;Fashion;Game;Sport;General
OWN1577,Pop Culture;Game;Tech;Fashion;General;Music
OWN1578,Game;General;Music
OWN1579,Music
OWN1580,Sport;General;Game
OWN1581,Pop Culture;Fashion
OWN1582,Music;Pop Culture;Game;Sport;General;Tech;Fashion
OWN1583,Game;General;Pop Culture;Sport;Music;Tech
OWN1584,Sport;Pop Culture;General;Tech;Game;Fashion;Music
OWN1585,Tech
OWN1586,Music;Tech;General
OWN1587,Tech
OWN1588,Pop Culture;Fashion
OWN1589,Fashion;Sport;General;Pop Culture;Game;Tech
OWN1590,Music;General
OWN1591,Music;Fashion;Game;Sport
OWN1592,Game;Tech;Pop Culture;Sport
OWN1593,Tech;Sport;Fashion;General;Game;Music;Pop Culture
OWN1594,Pop Culture
OWN1595,General;Sport;Music
OWN1596,Music;Pop Culture;Game;General;Tech;Fashion;Sport
OWN1597,Fashion;Pop Culture;Tech
OWN1598,Fashion;Tech;General;Sport;Game;Pop Culture;Music
OWN1599,Game;Fashion;General;Tech
OWN1600,Music;Pop Culture;Fashion
OWN1601,General;Music;Game
OWN1602,Music;Fashion;General;Tech;Pop Culture;Game
OWN1603,Sport;Fashion;Game;Pop Culture;Music
OWN1604,Game;Fashion;Sport;General
OWN1605,Music;Tech;Game;Fashion;Pop Culture
OWN1606,Game;Pop Culture;General;Music;Tech
OWN1607,Tech;Fashion;Pop Culture;Game;Music;Sport;General
OWN1608,Tech;Music;General;Pop Culture
OWN1609,Fashion;Music;General;Tech
OWN1610,Pop Culture;General;Fashion;Tech;Game;Music
OWN1611,Tech;Pop Culture;Sport;Game;Music;General;Fashion
OWN1612,Music;Sport;Pop Culture;Tech;Fashion;Game;General
OWN1613,Music;Pop Culture;Game;General
OWN1614,Pop Culture;Fashion;General;Music;Game;Tech
OWN1615,General;Sport;Fashion;Music;Game
OWN1616,Tech;Pop Culture;Fashion;Music;Sport
OWN1617,Pop Culture;General
OWN1618,Music
OWN1619,Music;Game;Fashion;General;Pop Culture;Tech;Sport
OWN1620,Music
OWN1621,Fashion;Game
OWN1622,Fashion;Game;Sport;General;Music;Tech
OWN1623,General
OWN1624,Fashion;Music;Pop Culture;Sport
OWN1625,Pop Culture;Tech;Fashion
OWN1626,Pop Culture;General;Game;Fashion;Sport;Tech;Music
OWN1627,Music;General
OWN1628,Music;Pop Culture
OWN1629,Tech;Game;Pop Culture
OWN1630,Sport;Tech;Game;Fashion;General;Music
OWN1631,Tech;General;Game;Fashion;Pop Culture
OWN1632,Tech;Sport;Music;General;Pop Culture;Game
OWN1633,Sport;Fashion;General
OWN1634,Music;Game;Sport;General;Fashion
OWN1635,Tech;Music;General;Pop Culture;Sport;Fashion
OWN1636,Pop Culture;Tech;Music;Fashion;Game;General;Sport
OWN1637,Game
OWN1638,Tech;Fashion;Pop Culture
OWN1639,Tech;Music;Pop Culture;Fashion;Sport
OWN1640,Fashion;Tech;General;Game;Music
OWN1641,Tech;Pop Culture;Fashion;Game;Music;General
OWN1642,Tech;Pop Culture;Sport;Fashion;Music;Game
OWN1643,Fashion;Sport;Pop Culture;Music;Game
OWN1644,Music
OWN1645,Tech
OWN1646,Music
OWN1647,Fashion;Pop Culture;Sport;Game
OWN1648,Pop Culture;Music;Tech;Sport
OWN1649,Fashion;General;Sport;Tech;Pop Culture;Game;Music
OWN1650,Music;Game;Fashion;Tech;Sport
OWN1651,Fashion;Music
OWN1652,Sport;Pop Culture;Music
OWN1653,Sport;Game;Fashion
OWN1654,Sport;Fashion;General
OWN1655,General;Sport;Music;Game
OWN1656,Fashion;Tech
OWN1657,Fashion;Game;Tech
OWN1658,Sport;General
OWN1659,Sport;Fashion;Music;Tech;Pop Culture;General
OWN1660,Game;Pop Culture;Tech
OWN1661,Fashion;Sport;Game
OWN1662,Tech;Game;Pop Culture;Music;Sport;Fashion;General
OWN1663,Fashion;Game;General;Music;Pop Culture
OWN1664,Fashion;Tech;General
OWN1665,Fashion;Pop Culture;Tech;General;Sport;Music;Game
OWN1666,Music
OWN1667,Game
OWN1668,General;Tech
OWN1669,Pop Culture;Game;Sport
OWN1670,Sport;Music;Game
OWN1671,Game;Pop Culture;Music;Fashion
OWN1672,Pop Culture;Fashion;Tech;Sport;Game
OWN1673,Music;Pop Culture;Tech;Sport;Fashion;General
OWN1674,Fashion;General;Tech
OWN1675,Pop Culture;General;Music;Fashion
OWN1676,Game;General;Tech;Pop Culture;Music
OWN1677,Music;Game;Pop Culture
OWN1678,Fashion;Game;Sport;Pop Culture;Music;General
OWN1679,Tech;Game;Fashion;Music;General;Pop Culture
OWN1680,Game;General;Sport;Pop Culture;Tech;Music
OWN1681,Fashion;General;Tech;Game;Sport;Pop Culture;Music
OWN1682,Game;Sport;General;Fashion;Pop Culture
OWN1683,General;Tech;Music
OWN1684,Pop Culture;Tech;Fashion;Music
OWN1685,Fashion;General;Pop Culture;Game;Music;Tech;Sport
OWN1686,Pop Culture;General;Sport;Tech;Fashion;Music;Game
OWN1687,Pop Culture;Tech;Game
OWN1688,Fashion;Sport;Game;Tech;General;Music
OWN1689,Fashion
OWN1690,General;Sport;Game;Music;Pop Culture
OWN1691,General;Fashion
OWN1692,Sport;Fashion;Pop Culture;Game
OWN1693,Tech
OWN1694,Pop Culture
OWN1695,Pop Culture
OWN1696,Sport;Music;Game
OWN1697,Music;Game;Pop Culture;General;Fashion;Sport;Tech
OWN1698,Pop Culture;Fashion;Music
OWN1699,Music;Fashion;General;Tech;Game;Pop Culture;Sport
OWN1700,Music;Tech;Game;Sport;Fashion;General
OWN1701,Fashion;Game
OWN1702,Tech;General;Pop Culture
OWN1703,General
OWN1704,Sport;Fashion;Tech;Music
OWN1705,Tech
OWN1706,Fashion;Sport;Game;Music;Pop Culture;Tech;General
OWN1707,Sport;Pop Culture;Game;Fashion
OWN1708,Tech;General;Fashion;Pop Culture;Music;Game;Sport
OWN1709,General;Tech;Pop Culture;Fashion;Sport;Music
OWN1710,Music;Fashion;General
OWN1711,Pop Culture;Music;Fashion;General;Game
OWN1712,Music;Pop Culture;General
OWN1713,Game;Music
OWN1714,Tech
OWN1715,Music;Pop Culture;Sport;Game;Fashion;General;Tech
OWN1716,General;Game;Sport;Fashion;Pop Culture;Tech
OWN1717,Fashion;Pop Culture;Music;Tech;General;Game
OWN1718,Pop Culture;Fashion;Game;Sport;General;Tech;Music
OWN1719,Fashion;Game;General;Tech;Sport
OWN1720,General
OWN1721,General;Sport;Music;Game
OWN1722,Fashion;Game;Music;Pop Culture;General;Sport
OWN1723,Sport;General
OWN1724,Game;General;Tech;Sport;Fashion;Pop Culture
OWN1725,Pop Culture;Fashion
OWN1726,Fashion
OWN1727,General;Tech
OWN1728,Tech;Fashion;General;Music
OWN1729,Pop Culture
OWN1730,Sport;Music;Pop Culture;General;Game;Fashion
OWN1731,Fashion
OWN1732,General;Music;Pop Culture;Tech;Sport;Game;Fashion
OWN1733,Game;Music
OWN1734,Pop Culture;Game
OWN1735,Game;Music
OWN1736,Music;Game;General;Pop Culture;Tech;Sport
OWN1737,Music;Sport;Fashion;Game
OWN1738,Tech;Sport;Music;Fashion
OWN1739,Sport;Pop Culture;Tech;Music
OWN1740,Fashion;Sport
OWN1741,Music;Fashion;Tech
OWN1742,General;Tech;Sport;Game
OWN1743,Fashion
OWN1744,Game;General;Fashion;Sport
OWN1745,General;Sport;Music;Game
OWN1746,General;Tech;Pop Culture;Fashion;Game;Sport;Music
OWN1747,General;Pop Culture;Fashion;Tech;Music;Sport;Game
OWN1748,Fashion;General;Tech;Game;Sport;Music
OWN1749,Sport
OWN1750,Fashion
OWN1751,Music
OWN1752,General;Pop Culture;Fashion;Game;Tech;Sport;Music
OWN1753,Pop Culture;Fashion;Sport;General;Music;Tech
OWN1754,Sport;Tech
OWN1755,Tech;Fashion;General
OWN1756,Fashion;Tech;Game;Pop Culture
OWN1757,Game;Tech;Music;Pop Culture;Fashion;General;Sport
OWN1758,Sport;Game;General;Pop Culture;Fashion;Music;Tech
OWN1759,Fashion;Sport;Game
OWN1760,Sport;Fashion;Tech;Game
OWN1761,Music;Pop Culture;Fashion;Game
OWN1762,Sport;Tech;Game;General
OWN1763,Music
OWN1764,Music
OWN1765,Fashion;Pop Culture
OWN1766,Pop Culture;Game
OWN1767,General;Fashion;Sport;Music;Game;Pop Culture
OWN1768,Pop Culture;Music;Game;Fashion;Tech
OWN1769,Music;Sport;Fashion;Pop Culture;General
OWN1770,Tech;Pop Culture
OWN1771,Sport;Fashion;Pop Culture
OWN1772,Sport;Pop Culture;Tech;General;Music
OWN1773,Music;Sport;General;Fashion
OWN1774,Game;Pop Culture;General;Music
OWN1775,Sport;Pop Culture
OWN1776,Fashion
OWN1777,Pop Culture;Tech;Sport;Game;General;Music;Fashion
OWN1778,Game;Music;General
OWN1779,Music;Sport
OWN1780,Sport;Music;General;Game;Tech;Pop Culture;Fashion
OWN1781,Sport;Fashion;Music;Tech;Game;General
OWN1782,Pop Culture;Sport;Game;Tech;Fashion;General
OWN1783,Tech
OWN1784,Fashion;Sport;General;Music;Game;Tech
OWN1785,Game;Fashion;Music;Tech;Pop Culture
OWN1786,Game;Pop Culture;General;Sport;Tech;Fashion
OWN1787,Pop Culture;Sport;Game;Fashion;Tech;General;Music
OWN1788,Music;Tech;Sport;Pop Culture;Fashion
OWN1789,Fashion
OWN1790,Music
OWN1791,Fashion;Tech;General
OWN1792,Music;Game;Sport;General;Fashion;Tech
